-59.000000 0.055733
-58.000000 0.043207
-57.000000 0.100062
-56.000000 0.084111
-55.000000 0.067816
-54.000000 0.071872
-53.000000 0.054770
-52.000000 0.053204
-51.000000 0.058677
-50.000000 0.079939
-49.000000 0.085179
-48.000000 0.106311
-47.000000 0.123490
-46.000000 0.097825
-45.000000 0.088711
-44.000000 0.139719
-43.000000 0.147535
-42.000000 0.182855
-41.000000 0.171023
-40.000000 0.184349
-39.000000 0.206017
-38.000000 0.176645
-37.000000 0.158419
-36.000000 0.168078
-35.000000 0.207515
-34.000000 0.177630
-33.000000 0.201805
-32.000000 0.213600
-31.000000 0.223047
-30.000000 0.228587
-29.000000 0.238577
-28.000000 0.235589
-27.000000 0.208080
-26.000000 0.224744
-25.000000 0.206948
-24.000000 0.212687
-23.000000 0.185334
-22.000000 0.169785
-21.000000 0.156716
-20.000000 0.139671
-19.000000 0.106451
-18.000000 0.102243
-17.000000 0.103868
-16.000000 0.084067
-15.000000 0.138654
-14.000000 0.152628
-13.000000 0.161628
-12.000000 0.147031
-11.000000 0.162622
-10.000000 0.164691
-9.000000 0.168945
-8.000000 0.188727
-7.000000 0.151072
-6.000000 0.180186
-5.000000 0.243536
-4.000000 0.580271
-3.000000 0.474476
-2.000000 0.553517
-1.000000 0.509744
0.000000 0.470800
1.000000 0.546095
2.000000 0.505407
3.000000 0.513300
4.000000 0.469082
5.000000 0.475430
6.000000 0.516111
7.000000 0.505912
8.000000 0.508143
9.000000 0.532756
10.000000 0.573365
11.000000 0.574448
12.000000 0.585605
13.000000 0.607665
14.000000 0.614377
15.000000 0.591642
16.000000 0.606396
17.000000 0.615995
18.000000 0.634440
19.000000 0.605048
20.000000 0.642534
21.000000 0.637328
22.000000 0.652253
23.000000 0.629420
24.000000 0.622168
25.000000 0.611247
26.000000 0.587981
27.000000 0.591477
28.000000 0.598599
29.000000 0.577445
30.000000 0.602108
31.000000 0.588247
32.000000 0.603451
33.000000 0.567072
34.000000 0.555554
35.000000 0.542061
36.000000 0.514700
37.000000 0.523176
38.000000 0.489347
39.000000 0.456935
40.000000 0.463593
41.000000 0.472434
42.000000 0.460496
43.000000 0.444828
44.000000 0.473659
45.000000 0.469506
46.000000 0.478011
47.000000 0.492818
48.000000 0.468289
49.000000 0.471669
50.000000 0.448692
51.000000 0.449912
52.000000 0.458169
53.000000 0.458351
54.000000 0.465731
55.000000 0.467708
56.000000 0.475737
57.000000 0.514222
58.000000 0.492711
59.000000 0.523655
60.000000 0.516770
