-59.000000 0.055733
-58.000000 -0.012526
-57.000000 0.056855
-56.000000 -0.015951
-55.000000 -0.016295
-54.000000 0.004056
-53.000000 -0.017102
-52.000000 -0.001566
-51.000000 0.005473
-50.000000 0.021261
-49.000000 0.005240
-48.000000 0.021133
-47.000000 0.017179
-46.000000 -0.025665
-45.000000 -0.009114
-44.000000 0.051008
-43.000000 0.007816
-42.000000 0.035320
-41.000000 -0.011832
-40.000000 0.013327
-39.000000 0.021667
-38.000000 -0.029372
-37.000000 -0.018226
-36.000000 0.009659
-35.000000 0.039438
-34.000000 -0.029886
-33.000000 0.024175
-32.000000 0.011796
-31.000000 0.009447
-30.000000 0.005540
-29.000000 0.009990
-28.000000 -0.002988
-27.000000 -0.027509
-26.000000 0.016664
-25.000000 -0.017796
-24.000000 0.005739
-23.000000 -0.027353
-22.000000 -0.015549
-21.000000 -0.013069
-20.000000 -0.017045
-19.000000 -0.033220
-18.000000 -0.004208
-17.000000 0.001625
-16.000000 -0.019801
-15.000000 0.054587
-14.000000 0.013974
-13.000000 0.009000
-12.000000 -0.014597
-11.000000 0.015591
-10.000000 0.002070
-9.000000 0.004254
-8.000000 0.019782
-7.000000 -0.037655
-6.000000 0.029114
-5.000000 0.063350
-4.000000 0.336735
-3.000000 -0.105795
-2.000000 0.079042
-1.000000 -0.043773
0.000000 -0.038944
1.000000 0.075295
2.000000 -0.040688
3.000000 0.007893
4.000000 -0.044218
5.000000 0.006348
6.000000 0.040681
7.000000 -0.010198
8.000000 0.002230
9.000000 0.024613
10.000000 0.040609
11.000000 0.001083
12.000000 0.011157
13.000000 0.022060
14.000000 0.006712
15.000000 -0.022735
16.000000 0.014753
17.000000 0.009599
18.000000 0.018445
19.000000 -0.029392
20.000000 0.037486
21.000000 -0.005206
22.000000 0.014925
23.000000 -0.022833
24.000000 -0.007252
25.000000 -0.010920
26.000000 -0.023266
27.000000 0.003497
28.000000 0.007121
29.000000 -0.021154
30.000000 0.024663
31.000000 -0.013861
32.000000 0.015204
33.000000 -0.036380
34.000000 -0.011517
35.000000 -0.013494
36.000000 -0.027361
37.000000 0.008476
38.000000 -0.033829
39.000000 -0.032412
40.000000 0.006658
41.000000 0.008841
42.000000 -0.011939
43.000000 -0.015668
44.000000 0.028831
45.000000 -0.004153
46.000000 0.008505
47.000000 0.014808
48.000000 -0.024529
49.000000 0.003380
50.000000 -0.022977
51.000000 0.001220
52.000000 0.008257
53.000000 0.000181
54.000000 0.007381
55.000000 0.001976
56.000000 0.008029
57.000000 0.038485
58.000000 -0.021511
59.000000 0.030944
60.000000 -0.006885
