-59.000000 0.046364
-58.000000 0.057781
-57.000000 0.080206
-56.000000 0.054519
-55.000000 0.054285
-54.000000 0.034931
-53.000000 0.023969
-52.000000 0.007630
-51.000000 0.029468
-50.000000 0.028081
-49.000000 0.023476
-48.000000 0.026705
-47.000000 0.047556
-46.000000 0.064465
-45.000000 0.065755
-44.000000 0.086006
-43.000000 0.063211
-42.000000 0.079135
-41.000000 0.082859
-40.000000 0.079382
-39.000000 0.100018
-38.000000 0.065278
-37.000000 0.068653
-36.000000 0.091409
-35.000000 0.100657
-34.000000 0.051101
-33.000000 0.027992
-32.000000 0.047614
-31.000000 0.039809
-30.000000 0.043131
-29.000000 0.048285
-28.000000 0.029479
-27.000000 0.036544
-26.000000 0.076388
-25.000000 0.055038
-24.000000 0.036993
-23.000000 0.012208
-22.000000 0.021337
-21.000000 0.025050
-20.000000 0.011202
-19.000000 0.024996
-18.000000 0.053726
-17.000000 0.047543
-16.000000 0.019157
-15.000000 0.051058
-14.000000 0.055631
-13.000000 0.059793
-12.000000 0.029036
-11.000000 0.004212
-10.000000 0.011142
-9.000000 0.011423
-8.000000 0.030431
-7.000000 0.001210
-6.000000 0.011833
-5.000000 0.033042
-4.000000 0.369994
-3.000000 0.249283
-2.000000 0.367623
-1.000000 0.324020
0.000000 0.342338
1.000000 0.314713
2.000000 0.278180
3.000000 0.335444
4.000000 0.340230
5.000000 0.308193
6.000000 0.334554
7.000000 0.313844
8.000000 0.277986
9.000000 0.287324
10.000000 0.293988
11.000000 0.301086
12.000000 0.327172
13.000000 0.338383
14.000000 0.357237
15.000000 0.323220
16.000000 0.331497
17.000000 0.348927
18.000000 0.341964
19.000000 0.320421
20.000000 0.327962
21.000000 0.319582
22.000000 0.311599
23.000000 0.296897
24.000000 0.322420
25.000000 0.304086
26.000000 0.315902
27.000000 0.341918
28.000000 0.356684
29.000000 0.323168
30.000000 0.322698
31.000000 0.341899
32.000000 0.351508
33.000000 0.316997
34.000000 0.319279
35.000000 0.308577
36.000000 0.310795
37.000000 0.335717
38.000000 0.286942
39.000000 0.255455
40.000000 0.247664
41.000000 0.262938
42.000000 0.280869
43.000000 0.279645
44.000000 0.273375
45.000000 0.307736
46.000000 0.316504
47.000000 0.324320
48.000000 0.312394
49.000000 0.308507
50.000000 0.313142
51.000000 0.277665
52.000000 0.283445
53.000000 0.283400
54.000000 0.285685
55.000000 0.282306
56.000000 0.290900
57.000000 0.282286
58.000000 0.250984
59.000000 0.263795
60.000000 0.255775
