-59.000000 0.046364
-58.000000 0.011417
-57.000000 0.022425
-56.000000 0.025687
-55.000000 0.000234
-54.000000 0.019354
-53.000000 0.010962
-52.000000 0.016339
-51.000000 0.021838
-50.000000 0.001387
-49.000000 0.004605
-48.000000 0.003228
-47.000000 0.020851
-46.000000 0.016909
-45.000000 0.001290
-44.000000 0.020251
-43.000000 0.022795
-42.000000 0.015924
-41.000000 0.003724
-40.000000 0.003477
-39.000000 0.020636
-38.000000 0.034740
-37.000000 0.003375
-36.000000 0.022755
-35.000000 0.009249
-34.000000 0.049556
-33.000000 0.023109
-32.000000 0.019621
-31.000000 0.007804
-30.000000 0.003321
-29.000000 0.005155
-28.000000 0.018807
-27.000000 0.007066
-26.000000 0.039844
-25.000000 0.021351
-24.000000 0.018045
-23.000000 0.024785
-22.000000 0.009129
-21.000000 0.003712
-20.000000 0.036252
-19.000000 0.013793
-18.000000 0.028731
-17.000000 0.006183
-16.000000 0.028386
-15.000000 0.070215
-14.000000 0.004573
-13.000000 0.004162
-12.000000 0.030758
-11.000000 0.033248
-10.000000 0.006930
-9.000000 0.000281
-8.000000 0.041853
-7.000000 0.029221
-6.000000 0.013042
-5.000000 0.044874
-4.000000 0.336952
-3.000000 0.120711
-2.000000 0.118341
-1.000000 0.043603
0.000000 0.018318
1.000000 0.027625
2.000000 0.036533
3.000000 0.057265
4.000000 0.004786
5.000000 0.032037
6.000000 0.026361
7.000000 0.020710
8.000000 0.035859
9.000000 0.009339
10.000000 0.006664
11.000000 0.007097
12.000000 0.026086
13.000000 0.011211
14.000000 0.018854
15.000000 0.034018
16.000000 0.008277
17.000000 0.017430
18.000000 0.006963
19.000000 0.021543
20.000000 0.007541
21.000000 0.008380
22.000000 0.007983
23.000000 0.014702
24.000000 0.025523
25.000000 0.018334
26.000000 0.011816
27.000000 0.026016
28.000000 0.014766
29.000000 0.033516
30.000000 0.000470
31.000000 0.019201
32.000000 0.009609
33.000000 0.034511
34.000000 0.002282
35.000000 0.010702
36.000000 0.002217
37.000000 0.024923
38.000000 0.048775
39.000000 0.031486
40.000000 0.007792
41.000000 0.015275
42.000000 0.017931
43.000000 0.001225
44.000000 0.006269
45.000000 0.034361
46.000000 0.008768
47.000000 0.007815
48.000000 0.011926
49.000000 0.003887
50.000000 0.004635
51.000000 0.035477
52.000000 0.005779
53.000000 0.000044
54.000000 0.002284
55.000000 0.003379
56.000000 0.008594
57.000000 0.008613
58.000000 0.031302
59.000000 0.012811
60.000000 0.008020
